+-------+------------+----------+----------------+
| Epoch | Train Loss | Val Loss | Val Mean AUROC |
+-------+------------+----------+----------------+
|   1   |   0.313    |  0.307   |     0.528      |
|   2   |   0.306    |  0.312   |     0.546      |
|   3   |   0.306    |  0.305   |     0.555      |
|   4   |   0.304    |  0.308   |      0.56      |
|   5   |   0.306    |  0.305   |     0.556      |
|   6   |   0.304    |  0.305   |     0.558      |
|   7   |   0.299    |  0.302   |     0.582      |
|   8   |   0.298    |   0.3    |     0.592      |
|   9   |   0.298    |  0.299   |     0.585      |
|   10  |   0.297    |  0.299   |     0.603      |
|   11  |   0.297    |   0.3    |     0.601      |
|   12  |   0.297    |  0.301   |     0.606      |
|   13  |   0.296    |   0.3    |     0.615      |
|   14  |   0.297    |  0.299   |     0.612      |
|   15  |   0.296    |   0.3    |     0.616      |
|   16  |   0.296    |  0.308   |     0.608      |
|   17  |   0.296    |   0.3    |     0.617      |
|   18  |   0.295    |  0.299   |     0.616      |
|   19  |   0.295    |  0.299   |     0.621      |
|   20  |   0.296    |  0.301   |     0.626      |
+-------+------------+----------+----------------+